  1.0000000e+001  1.6351547e-002  2.0037851e-002  2.0029101e-002  9.9349335e-003
  1.0500000e+001  1.6430732e-002  2.0041908e-002  2.0032185e-002  9.9617824e-003
  1.1000000e+001  1.6514585e-002  2.0046201e-002  2.0035439e-002  9.9901258e-003
  1.1500000e+001  1.6603235e-002  2.0050735e-002  2.0038868e-002  1.0019992e-002
  1.2000000e+001  1.6696819e-002  2.0055518e-002  2.0042475e-002  1.0051412e-002
  1.2500000e+001  1.6795487e-002  2.0060556e-002  2.0046263e-002  1.0084416e-002
  1.3000000e+001  1.6899396e-002  2.0065856e-002  2.0050237e-002  1.0119041e-002
  1.3500000e+001  1.7008716e-002  2.0071427e-002  2.0054400e-002  1.0155321e-002
  1.4000000e+001  1.7123629e-002  2.0077277e-002  2.0058757e-002  1.0193297e-002
  1.4500000e+001  1.7244331e-002  2.0083416e-002  2.0063313e-002  1.0233009e-002
  1.5000000e+001  1.7371029e-002  2.0089853e-002  2.0068071e-002  1.0274502e-002
  1.5500000e+001  1.7503946e-002  2.0096599e-002  2.0073039e-002  1.0317823e-002
  1.6000000e+001  1.7643323e-002  2.0103666e-002  2.0078220e-002  1.0363021e-002
  1.6500000e+001  1.7789414e-002  2.0111065e-002  2.0083622e-002  1.0410151e-002
  1.7000000e+001  1.7942494e-002  2.0118810e-002  2.0089249e-002  1.0459270e-002
  1.7500000e+001  1.8102856e-002  2.0126916e-002  2.0095109e-002  1.0510437e-002
  1.8000000e+001  1.8270817e-002  2.0135396e-002  2.0101209e-002  1.0563718e-002
  1.8500000e+001  1.8446715e-002  2.0144269e-002  2.0107556e-002  1.0619183e-002
  1.9000000e+001  1.8630912e-002  2.0153551e-002  2.0114157e-002  1.0676904e-002
  1.9500000e+001  1.8823799e-002  2.0163261e-002  2.0121022e-002  1.0736963e-002
  2.0000000e+001  1.9025796e-002  2.0173419e-002  2.0128159e-002  1.0799443e-002
  2.0500000e+001  1.9237355e-002  2.0184049e-002  2.0135576e-002  1.0864435e-002
  2.1000000e+001  1.9458961e-002  2.0195174e-002  2.0143285e-002  1.0932038e-002
  2.1500000e+001  1.9691141e-002  2.0206819e-002  2.0151295e-002  1.1002357e-002
  2.2000000e+001  1.9934459e-002  2.0219013e-002  2.0159617e-002  1.1075505e-002
  2.2500000e+001  2.0189530e-002  2.0231786e-002  2.0168264e-002  1.1151604e-002
  2.3000000e+001  2.0457015e-002  2.0245172e-002  2.0177247e-002  1.1230786e-002
  2.3500000e+001  2.0737632e-002  2.0259206e-002  2.0186581e-002  1.1313195e-002
  2.4000000e+001  2.1032159e-002  2.0273926e-002  2.0196278e-002  1.1398984e-002
  2.4500000e+001  2.1341443e-002  2.0289377e-002  2.0206355e-002  1.1488322e-002
  2.5000000e+001  2.1666404e-002  2.0305605e-002  2.0216826e-002  1.1581393e-002
  2.5500000e+001  2.2008044e-002  2.0322661e-002  2.0227709e-002  1.1678396e-002
  2.6000000e+001  2.2367459e-002  2.0340600e-002  2.0239022e-002  1.1779549e-002
  2.6500000e+001  2.2745844e-002  2.0359484e-002  2.0250784e-002  1.1885093e-002
  2.7000000e+001  2.3144510e-002  2.0379382e-002  2.0263014e-002  1.1995289e-002
  2.7500000e+001  2.3564895e-002  2.0400367e-002  2.0275735e-002  1.2110430e-002
  2.8000000e+001  2.4008580e-002  2.0422523e-002  2.0288968e-002  1.2230834e-002
  2.8500000e+001  2.4477305e-002  2.0445941e-002  2.0302739e-002  1.2356857e-002
  2.9000000e+001  2.4972993e-002  2.0470722e-002  2.0317071e-002  1.2488895e-002
  2.9500000e+001  2.5497771e-002  2.0496980e-002  2.0331993e-002  1.2627389e-002
  3.0000000e+001  2.6053997e-002  2.0524840e-002  2.0347533e-002  1.2772831e-002
  3.0500000e+001  2.6644293e-002  2.0554445e-002  2.0363719e-002  1.2925778e-002
  3.1000000e+001  2.7271579e-002  2.0585952e-002  2.0380583e-002  1.3086853e-002
  3.1500000e+001  2.7939122e-002  2.0619539e-002  2.0398158e-002  1.3256766e-002
  3.2000000e+001  2.8650577e-002  2.0655407e-002  2.0416475e-002  1.3436321e-002
  3.2500000e+001  2.9410055e-002  2.0693783e-002  2.0435570e-002  1.3626438e-002
  3.3000000e+001  3.0222186e-002  2.0734926e-002  2.0455474e-002  1.3828169e-002
  3.3500000e+001  3.1092205e-002  2.0779129e-002  2.0476223e-002  1.4042727e-002
  3.4000000e+001  3.2026047e-002  2.0826727e-002  2.0497845e-002  1.4271517e-002
  3.4500000e+001  3.3030465e-002  2.0878104e-002  2.0520371e-002  1.4516169e-002
  3.5000000e+001  3.4113165e-002  2.0933702e-002  2.0543820e-002  1.4778589e-002
  3.5500000e+001  3.5282974e-002  2.0994030e-002  2.0568208e-002  1.5061013e-002
  3.6000000e+001  3.6550035e-002  2.1059677e-002  2.0593533e-002  1.5366080e-002
  3.6500000e+001  3.7926043e-002  2.1131326e-002  2.0619776e-002  1.5696916e-002
  3.7000000e+001  3.9424525e-002  2.1209773e-002  2.0646890e-002  1.6057248e-002
  3.7500000e+001  4.1061180e-002  2.1295942e-002  2.0674784e-002  1.6451535e-002
  3.8000000e+001  4.2854268e-002  2.1390916e-002  2.0703312e-002  1.6885140e-002
  3.8500000e+001  4.4825078e-002  2.1495956e-002  2.0732239e-002  1.7364537e-002
  3.9000000e+001  4.6998456e-002  2.1612533e-002  2.0761212e-002  1.7897570e-002
  3.9500000e+001  4.9403385e-002  2.1742353e-002  2.0789701e-002  1.8493765e-002
  4.0000000e+001  5.2073584e-002  2.1887375e-002  2.0816921e-002  1.9164702e-002
  4.0500000e+001  5.5048024e-002  2.2049818e-002  2.0841725e-002  1.9924438e-002
  4.1000000e+001  5.8371187e-002  2.2232117e-002  2.0862430e-002  2.0789948e-002
  4.1500000e+001  6.2092683e-002  2.2436810e-002  2.0876584e-002  2.1781518e-002
  4.2000000e+001  6.6265549e-002  2.2666262e-002  2.0880622e-002  2.2922897e-002
  4.2500000e+001  7.0941947e-002  2.2922118e-002  2.0869385e-002  2.4240886e-002
  4.3000000e+001  7.6164071e-002  2.3204265e-002  2.0835501e-002  2.5763673e-002
  4.3500000e+001  8.1946683e-002  2.3509006e-002  2.0768662e-002  2.7516764e-002
  4.4000000e+001  8.8246216e-002  2.3826044e-002  2.0655070e-002  2.9514656e-002
  4.4500000e+001  9.4911361e-002  2.4134122e-002  2.0477726e-002  3.1745953e-002
  4.5000000e+001  1.0161600e-001  2.4396017e-002  2.0219032e-002  3.4150709e-002
  4.5500000e+001  1.0779573e-001  2.4556011e-002  1.9867884e-002  3.6594349e-002
  4.6000000e+001  1.1264795e-001  2.4546453e-002  1.9432340e-002  3.8855139e-002
  4.6500000e+001  1.1528398e-001  2.4310270e-002  1.8952936e-002  4.0655274e-002
  4.7000000e+001  1.1505517e-001  2.3834872e-002  1.8502317e-002  4.1752734e-002
  4.7500000e+001  1.1188276e-001  2.3172775e-002  1.8159102e-002  4.2052880e-002
  4.8000000e+001  1.0631456e-001  2.2424384e-002  1.7969892e-002  4.1651831e-002
  4.8500000e+001  9.9249430e-002  2.1693235e-002  1.7932623e-002  4.0774819e-002
  4.9000000e+001  9.1571697e-002  2.1049905e-002  1.8011616e-002  3.9670197e-002
  4.9500000e+001  8.3934379e-002  2.0523874e-002  1.8163096e-002  3.8535858e-002
  5.0000000e+001  7.6724061e-002  2.0114677e-002  1.8351270e-002  3.7498434e-002
  5.0500000e+001  7.0120539e-002  1.9806785e-002  1.8552499e-002  3.6624512e-002
  5.1000000e+001  6.4173161e-002  1.9580251e-002  1.8753346e-002  3.5940574e-002
  5.1500000e+001  5.8860449e-002  1.9416199e-002  1.8947223e-002  3.5450110e-002
  5.2000000e+001  5.4128108e-002  1.9298858e-002  1.9131616e-002  3.5145190e-002
  5.2500000e+001  4.9910513e-002  1.9215839e-002  1.9306239e-002  3.5013327e-002
  5.3000000e+001  4.6141748e-002  1.9157702e-002  1.9471926e-002  3.5041188e-002
  5.3500000e+001  4.2760660e-002  1.9117344e-002  1.9630011e-002  3.5216410e-002
  5.4000000e+001  3.9712724e-002  1.9089427e-002  1.9781994e-002  3.5528360e-002
  5.4500000e+001  3.6950310e-002  1.9069902e-002  1.9929372e-002  3.5968318e-002
  5.5000000e+001  3.4432223e-002  1.9055643e-002  2.0073552e-002  3.6529377e-002
  5.5500000e+001  3.2122960e-002  1.9044174e-002  2.0215811e-002  3.7206186e-002
  5.6000000e+001  2.9991919e-002  1.9033456e-002  2.0357273e-002  3.7994605e-002
  5.6500000e+001  2.8012657e-002  1.9021738e-002  2.0498885e-002  3.8891308e-002
  5.7000000e+001  2.6162264e-002  1.9007440e-002  2.0641400e-002  3.9893311e-002
  5.7500000e+001  2.4420848e-002  1.8989063e-002  2.0785328e-002  4.0997425e-002
  5.8000000e+001  2.2771178e-002  1.8965132e-002  2.0930891e-002  4.2199593e-002
  5.8500000e+001  2.1198467e-002  1.8934152e-002  2.1077938e-002  4.3494084e-002
  5.9000000e+001  1.9690351e-002  1.8894591e-002  2.1225848e-002  4.4872515e-002
  5.9500000e+001  1.8237076e-002  1.8844900e-002  2.1373404e-002  4.6322680e-002
  6.0000000e+001  1.6831956e-002  1.8783565e-002  2.1518651e-002  4.7827206e-002
  6.0500000e+001  1.5472156e-002  1.8709218e-002  2.1658745e-002  4.9362112e-002
  6.1000000e+001  1.4159864e-002  1.8620817e-002  2.1789841e-002  5.0895438e-002
  6.1500000e+001  1.2903835e-002  1.8517892e-002  2.1907043e-002  5.2386233e-002
  6.2000000e+001  1.1721189e-002  1.8400864e-002  2.2004502e-002  5.3784369e-002
  6.2500000e+001  1.0638942e-002  1.8271381e-002  2.2075731e-002  5.5031707e-002
  6.3000000e+001  9.6941031e-003  1.8132605e-002  2.2114176e-002  5.6065155e-002
  6.3500000e+001  8.9301964e-003  1.7989314e-002  2.2114067e-002  5.6821860e-002
  6.4000000e+001  8.3877793e-003  1.7847713e-002  2.2071418e-002  5.7246185e-002
  6.4500000e+001  8.0893585e-003  1.7714851e-002  2.1984970e-002  5.7297363e-002
  6.5000000e+001  8.0258607e-003  1.7597723e-002  2.1856785e-002  5.6956019e-002
  6.5500000e+001  8.1554242e-003  1.7502231e-002  2.1692262e-002  5.6227717e-002
  6.6000000e+001  8.4167837e-003  1.7432321e-002  2.1499489e-002  5.5142345e-002
  6.6500000e+001  8.7473573e-003  1.7389527e-002  2.1288114e-002  5.3749503e-002
  6.7000000e+001  9.0956462e-003  1.7373047e-002  2.1068031e-002  5.2111231e-002
  6.7500000e+001  9.4255074e-003  1.7380234e-002  2.0848228e-002  5.0294067e-002
  6.8000000e+001  9.7150860e-003  1.7407299e-002  2.0636025e-002  4.8362168e-002
  6.8500000e+001  9.9536168e-003  1.7450010e-002  2.0436746e-002  4.6372494e-002
  6.9000000e+001  1.0137998e-002  1.7504238e-002  2.0253759e-002  4.4372258e-002
  6.9500000e+001  1.0269927e-002  1.7566301e-002  2.0088759e-002  4.2398262e-002
  7.0000000e+001  1.0353778e-002  1.7633134e-002  1.9942144e-002  4.0477524e-002
  7.0500000e+001  1.0395168e-002  1.7702312e-002  1.9813395e-002  3.8628607e-002
  7.1000000e+001  1.0400041e-002  1.7772004e-002  1.9701412e-002  3.6863200e-002
  7.1500000e+001  1.0374139e-002  1.7840889e-002  1.9604775e-002  3.5187673e-002
  7.2000000e+001  1.0322720e-002  1.7908052e-002  1.9521927e-002  3.3604440e-002
  7.2500000e+001  1.0250441e-002  1.7972895e-002  1.9451306e-002  3.2113100e-002
  7.3000000e+001  1.0161334e-002  1.8035060e-002  1.9391420e-002  3.0711317e-002
  7.3500000e+001  1.0058834e-002  1.8094359e-002  1.9340893e-002  2.9395510e-002
  7.4000000e+001  9.9458348e-003  1.8150731e-002  1.9298482e-002  2.8161339e-002
  7.4500000e+001  9.8247557e-003  1.8204197e-002  1.9263084e-002  2.7004079e-002
  7.5000000e+001  9.6976041e-003  1.8254835e-002  1.9233731e-002  2.5918861e-002
  7.5500000e+001  9.5660390e-003  1.8302761e-002  1.9209580e-002  2.4900847e-002
  7.6000000e+001  9.4314254e-003  1.8348108e-002  1.9189903e-002  2.3945344e-002
  7.6500000e+001  9.2948822e-003  1.8391024e-002  1.9174070e-002  2.3047873e-002
  7.7000000e+001  9.1573239e-003  1.8431658e-002  1.9161542e-002  2.2204207e-002
  7.7500000e+001  9.0194946e-003  1.8470158e-002  1.9151853e-002  2.1410392e-002
  7.8000000e+001  8.8819975e-003  1.8506669e-002  1.9144606e-002  2.0662754e-002
  7.8500000e+001  8.7453195e-003  1.8541327e-002  1.9139459e-002  1.9957889e-002
  7.9000000e+001  8.6098509e-003  1.8574264e-002  1.9136121e-002  1.9292659e-002
  7.9500000e+001  8.4759023e-003  1.8605599e-002  1.9134338e-002  1.8664173e-002
  8.0000000e+001  8.3437186e-003  1.8635448e-002  1.9133897e-002  1.8069775e-002
  8.0500000e+001  8.2134906e-003  1.8663916e-002  1.9134611e-002  1.7507026e-002
  8.1000000e+001  8.0853641e-003  1.8691099e-002  1.9136321e-002  1.6973685e-002
  8.1500000e+001  7.9594479e-003  1.8717089e-002  1.9138890e-002  1.6467698e-002
  8.2000000e+001  7.8358205e-003  1.8741969e-002  1.9142199e-002  1.5987179e-002
  8.2500000e+001  7.7145354e-003  1.8765814e-002  1.9146145e-002  1.5530394e-002
  8.3000000e+001  7.5956253e-003  1.8788697e-002  1.9150642e-002  1.5095753e-002
  8.3500000e+001  7.4791062e-003  1.8810682e-002  1.9155611e-002  1.4681793e-002
  8.4000000e+001  7.3649802e-003  1.8831829e-002  1.9160987e-002  1.4287168e-002
  8.4500000e+001  7.2532382e-003  1.8852194e-002  1.9166713e-002  1.3910639e-002
  8.5000000e+001  7.1438622e-003  1.8871827e-002  1.9172738e-002  1.3551064e-002
  8.5500000e+001  7.0368265e-003  1.8890775e-002  1.9179019e-002  1.3207390e-002
  8.6000000e+001  6.9320997e-003  1.8909082e-002  1.9185518e-002  1.2878645e-002
  8.6500000e+001  6.8296459e-003  1.8926788e-002  1.9192203e-002  1.2563929e-002
  8.7000000e+001  6.7294255e-003  1.8943930e-002  1.9199046e-002  1.2262411e-002
  8.7500000e+001  6.6313960e-003  1.8960543e-002  1.9206020e-002  1.1973321e-002
  8.8000000e+001  6.5355131e-003  1.8976658e-002  1.9213105e-002  1.1695944e-002
  8.8500000e+001  6.4417309e-003  1.8992304e-002  1.9220283e-002  1.1429619e-002
  8.9000000e+001  6.3500025e-003  1.9007510e-002  1.9227535e-002  1.1173729e-002
  8.9500000e+001  6.2602805e-003  1.9022300e-002  1.9234849e-002  1.0927703e-002
  9.0000000e+001  6.1725172e-003  1.9036699e-002  1.9242211e-002  1.0691008e-002
  9.0500000e+001  6.0866651e-003  1.9050727e-002  1.9249611e-002  1.0463146e-002
  9.1000000e+001  6.0026768e-003  1.9064407e-002  1.9257039e-002  1.0243655e-002
  9.1500000e+001  5.9205053e-003  1.9077756e-002  1.9264488e-002  1.0032103e-002
  9.2000000e+001  5.8401043e-003  1.9090794e-002  1.9271949e-002  9.8280860e-003
  9.2500000e+001  5.7614283e-003  1.9103536e-002  1.9279418e-002  9.6312256e-003
  9.3000000e+001  5.6844323e-003  1.9115998e-002  1.9286888e-002  9.4411683e-003
  9.3500000e+001  5.6090726e-003  1.9128196e-002  1.9294356e-002  9.2575826e-003
  9.4000000e+001  5.5353060e-003  1.9140141e-002  1.9301816e-002  9.0801576e-003
  9.4500000e+001  5.4630906e-003  1.9151849e-002  1.9309267e-002  8.9086015e-003
  9.5000000e+001  5.3923854e-003  1.9163330e-002  1.9316705e-002  8.7426402e-003
  9.5500000e+001  5.3231502e-003  1.9174596e-002  1.9324127e-002  8.5820158e-003
  9.6000000e+001  5.2553463e-003  1.9185657e-002  1.9331532e-002  8.4264857e-003
  9.6500000e+001  5.1889355e-003  1.9196525e-002  1.9338918e-002  8.2758216e-003
  9.7000000e+001  5.1238811e-003  1.9207207e-002  1.9346283e-002  8.1298080e-003
  9.7500000e+001  5.0601471e-003  1.9217714e-002  1.9353627e-002  7.9882418e-003
  9.8000000e+001  4.9976987e-003  1.9228054e-002  1.9360949e-002  7.8509313e-003
  9.8500000e+001  4.9365019e-003  1.9238234e-002  1.9368248e-002  7.7176955e-003
  9.9000000e+001  4.8765240e-003  1.9248262e-002  1.9375523e-002  7.5883631e-003
  9.9500000e+001  4.8177329e-003  1.9258145e-002  1.9382775e-002  7.4627721e-003
  1.0000000e+002  4.7600977e-003  1.9267891e-002  1.9390003e-002  7.3407693e-003
  1.0050000e+002  4.7035883e-003  1.9277505e-002  1.9397206e-002  7.2222095e-003
  1.0100000e+002  4.6481756e-003  1.9286993e-002  1.9404386e-002  7.1069549e-003
  1.0150000e+002  4.5938312e-003  1.9296362e-002  1.9411542e-002  6.9948751e-003
  1.0200000e+002  4.5405276e-003  1.9305616e-002  1.9418675e-002  6.8858460e-003
  1.0250000e+002  4.4882384e-003  1.9314761e-002  1.9425785e-002  6.7797501e-003
  1.0300000e+002  4.4369375e-003  1.9323802e-002  1.9432871e-002  6.6764755e-003
  1.0350000e+002  4.3866001e-003  1.9332744e-002  1.9439935e-002  6.5759160e-003
  1.0400000e+002  4.3372018e-003  1.9341590e-002  1.9446977e-002  6.4779702e-003
  1.0450000e+002  4.2887191e-003  1.9350346e-002  1.9453998e-002  6.3825421e-003
  1.0500000e+002  4.2411291e-003  1.9359014e-002  1.9460998e-002  6.2895399e-003
  1.0550000e+002  4.1944097e-003  1.9367600e-002  1.9467977e-002  6.1988761e-003
  1.0600000e+002  4.1485394e-003  1.9376107e-002  1.9474937e-002  6.1104675e-003
  1.0650000e+002  4.1034973e-003  1.9384538e-002  1.9481878e-002  6.0242346e-003
  1.0700000e+002  4.0592632e-003  1.9392897e-002  1.9488800e-002  5.9401016e-003
  1.0750000e+002  4.0158176e-003  1.9401187e-002  1.9495704e-002  5.8579960e-003
  1.0800000e+002  3.9731413e-003  1.9409410e-002  1.9502590e-002  5.7778487e-003
  1.0850000e+002  3.9312160e-003  1.9417571e-002  1.9509461e-002  5.6995934e-003
  1.0900000e+002  3.8900236e-003  1.9425671e-002  1.9516315e-002  5.6231669e-003
  1.0950000e+002  3.8495468e-003  1.9433714e-002  1.9523154e-002  5.5485087e-003
  1.1000000e+002  3.8097687e-003  1.9441701e-002  1.9529978e-002  5.4755609e-003
  1.1050000e+002  3.7706730e-003  1.9449636e-002  1.9536789e-002  5.4042680e-003
  1.1100000e+002  3.7322436e-003  1.9457521e-002  1.9543586e-002  5.3345770e-003
  1.1150000e+002  3.6944652e-003  1.9465358e-002  1.9550370e-002  5.2664367e-003
  1.1200000e+002  3.6573227e-003  1.9473149e-002  1.9557142e-002  5.1997985e-003
  1.1250000e+002  3.6208016e-003  1.9480897e-002  1.9563903e-002  5.1346155e-003
  1.1300000e+002  3.5848877e-003  1.9488603e-002  1.9570654e-002  5.0708427e-003
  1.1350000e+002  3.5495673e-003  1.9496269e-002  1.9577394e-002  5.0084371e-003
  1.1400000e+002  3.5148269e-003  1.9503898e-002  1.9584124e-002  4.9473570e-003
  1.1450000e+002  3.4806536e-003  1.9511490e-002  1.9590846e-002  4.8875629e-003
  1.1500000e+002  3.4470348e-003  1.9519049e-002  1.9597560e-002  4.8290164e-003
  1.1550000e+002  3.4139582e-003  1.9526574e-002  1.9604266e-002  4.7716806e-003
  1.1600000e+002  3.3814119e-003  1.9534069e-002  1.9610965e-002  4.7155203e-003
  1.1650000e+002  3.3493842e-003  1.9541534e-002  1.9617657e-002  4.6605015e-003
  1.1700000e+002  3.3178639e-003  1.9548971e-002  1.9624344e-002  4.6065912e-003
  1.1750000e+002  3.2868400e-003  1.9556381e-002  1.9631025e-002  4.5537581e-003
  1.1800000e+002  3.2563018e-003  1.9563766e-002  1.9637702e-002  4.5019717e-003
  1.1850000e+002  3.2262390e-003  1.9571128e-002  1.9644374e-002  4.4512028e-003
  1.1900000e+002  3.1966414e-003  1.9578466e-002  1.9651043e-002  4.4014231e-003
  1.1950000e+002  3.1674993e-003  1.9585784e-002  1.9657709e-002  4.3526056e-003
  1.2000000e+002  3.1388029e-003  1.9593081e-002  1.9664372e-002  4.3047238e-003
